[0m[38;2;85;74;147m,[38;2;79;70;138m,[38;2;89;79;151m;[38;2;91;80;152m;[38;2;91;80;149m;[38;2;83;81;128m,[38;2;186;193;240m0[38;2;193;202;248mK[38;2;194;200;247mK[38;2;194;203;251mK[38;2;193;202;253mK[38;2;192;199;249m0[38;2;201;203;242mK[38;2;216;218;242mX[38;2;224;228;246mN[38;2;208;215;241mX[38;2;200;207;243mK[38;2;213;217;242mX[38;2;232;229;248mN[38;2;227;226;249mN[38;2;210;214;248mX[38;2;200;206;245mK[38;2;201;207;250mK[38;2;199;205;251mK[38;2;198;204;248mK[38;2;203;208;241mK[38;2;216;219;242mX[38;2;222;224;244mX[38;2;221;223;242mX[38;2;212;213;235mX[38;2;220;223;247mX[38;2;209;214;246mX[38;2;209;211;239mK[38;2;236;238;247mW[38;2;208;207;207mK[38;2;249;248;248mW[38;2;251;252;254mM[38;2;246;248;250mW[38;2;249;248;252mW[38;2;246;246;252mW[38;2;227;230;246mN[38;2;237;238;247mW[38;2;244;246;249mW[38;2;226;231;245mN[38;2;208;214;243mX[38;2;212;218;245mX[38;2;223;228;243mN[38;2;216;220;244mX[38;2;204;207;241mK[38;2;184;186;229mO[38;2;194;202;248mK[38;2;194;200;243mK[38;2;208;212;246mX[38;2;211;214;245mX[38;2;213;214;242mX[38;2;225;223;241mX[38;2;233;228;243mN[38;2;233;231;246mN[38;2;228;227;242mN[38;2;225;227;246mN[38;2;212;214;237mX[38;2;235;236;244mN[38;2;242;241;245mW[38;2;233;230;231mN[38;2;179;173;171mk[38;2;232;230;222mN[0m
[0m[38;2;55;49;99m.[38;2;30;25;68m.[38;2;70;62;119m'[38;2;92;85;136m;[38;2;144;138;170mo[38;2;193;189;215m0[38;2;227;229;246mN[38;2;236;237;247mW[38;2;242;242;249mW[38;2;226;227;246mN[38;2;216;218;241mX[38;2;232;233;247mN[38;2;244;244;252mW[38;2;243;243;251mW[38;2;241;241;246mW[38;2;249;250;252mM[38;2;242;243;251mW[38;2;229;230;248mN[38;2;229;228;244mN[38;2;249;248;252mW[38;2;250;251;251mM[38;2;245;246;249mW[38;2;242;243;249mW[38;2;241;242;250mW[38;2;220;219;227mX[38;2;232;232;240mN[38;2;245;245;251mW[38;2;249;248;251mW[38;2;202;196;197m0[38;2;190;184;186mO[38;2;249;248;250mW[38;2;239;239;246mW[38;2;245;244;249mW[38;2;251;251;250mM[38;2;189;187;186mO[38;2;228;226;233mN[38;2;238;238;252mW[38;2;220;225;249mX[38;2;221;226;250mN[38;2;236;238;251mW[38;2;248;249;250mW[38;2;233;233;236mN[38;2;231;231;246mN[38;2;236;239;249mW[38;2;246;246;250mW[38;2;234;233;247mN[38;2;239;241;249mW[38;2;244;247;250mW[38;2;246;247;250mW[38;2;172;169;184mk[38;2;223;223;244mX[38;2;230;231;246mN[38;2;234;236;247mN[38;2;223;224;246mN[38;2;209;210;246mK[38;2;220;219;248mX[38;2;243;240;251mW[38;2;242;239;251mW[38;2;211;213;242mX[38;2;221;222;246mX[38;2;238;239;249mW[38;2;220;220;240mX[38;2;222;223;244mX[38;2;221;223;246mX[38;2;209;208;240mK[38;2;181;179;201mO[0m
[0m[38;2;71;69;110m'[38;2;85;82;120m;[38;2;145;142;175md[38;2;181;180;208mO[38;2;198;199;225m0[38;2;221;221;248mX[38;2;219;219;243mX[38;2;235;235;243mN[38;2;250;251;252mM[38;2;240;239;244mW[38;2;234;235;250mN[38;2;215;218;251mX[38;2;209;212;250mX[38;2;219;220;247mX[38;2;239;239;252mW[38;2;242;242;253mW[38;2;213;216;250mX[38;2;202;208;249mK[38;2;219;224;249mX[38;2;235;238;250mW[38;2;229;230;250mN[38;2;232;234;251mN[38;2;231;232;246mN[38;2;230;228;243mN[38;2;176;169;188mk[38;2;198;193;223m0[38;2;199;193;220m0[38;2;204;196;204m0[38;2;177;168;158mk[38;2;183;174;160mk[38;2;211;205;204mK[38;2;220;219;240mX[38;2;233;233;249mN[38;2;245;242;250mW[38;2;163;153;165mx[38;2;202;196;223m0[38;2;214;217;254mX[38;2;197;204;251mK[38;2;192;201;251mK[38;2;195;202;247mK[38;2;222;225;246mN[38;2;165;161;175mx[38;2;163;159;197mx[38;2;202;206;247mK[38;2;222;225;251mN[38;2;186;186;218mO[38;2;159;160;197mx[38;2;207;213;247mX[38;2;223;227;249mN[38;2;170;167;195mk[38;2;196;200;244mK[38;2;194;202;249mK[38;2;195;202;251mK[38;2;194;201;252mK[38;2;192;197;252m0[38;2;192;193;253m0[38;2;201;204;246mK[38;2;213;216;250mX[38;2;192;198;247m0[38;2;192;198;249m0[38;2;211;213;248mX[38;2;199;200;233mK[38;2;150;150;187md[38;2;181;183;220mO[38;2;203;209;248mK[38;2;205;208;249mK[0m
[0m[38;2;181;185;244mO[38;2;168;170;221mk[38;2;133;135;182mo[38;2;182;186;237mO[38;2;191;198;251m0[38;2;195;201;249mK[38;2;215;216;244mX[38;2;249;250;253mM[38;2;236;239;251mW[38;2;206;213;247mX[38;2;197;202;248mK[38;2;195;204;253mK[38;2;198;207;251mK[38;2;208;211;244mK[38;2;185;186;224mO[38;2;196;200;250mK[38;2;191;198;251m0[38;2;191;201;251mK[38;2;194;201;243mK[38;2;184;187;221mO[38;2;172;172;206mk[38;2;160;160;192mx[38;2;160;160;191mx[38;2;133;133;161mo[38;2;103;103;128m:[38;2;167;165;195mk[38;2;174;166;181mk[38;2;146;131;119mo[38;2;203;189;157mO[38;2;201;187;161mO[38;2;157;143;143md[38;2;167;162;191mx[38;2;164;163;195mx[38;2;158;150;169md[38;2;142;126;134ml[38;2;172;161;193mx[38;2;198;199;249mK[38;2;191;197;252m0[38;2;186;194;250m0[38;2;188;195;251m0[38;2;195;199;249mK[38;2;118;117;153mc[38;2;145;144;190md[38;2;192;196;253m0[38;2;196;203;251mK[38;2;149;150;196md[38;2;148;147;202md[38;2;191;197;249m0[38;2;201;203;246mK[38;2;132;127;169mo[38;2;183;183;237mO[38;2;183;185;249m0[38;2;183;187;251m0[38;2;185;190;251m0[38;2;184;189;250m0[38;2;183;186;251m0[38;2;185;189;251m0[38;2;187;193;253m0[38;2;186;192;252m0[38;2;185;190;253m0[38;2;188;193;252m0[38;2;191;198;251m0[38;2;189;192;241m0[38;2;118;117;150mc[38;2;147;148;180md[38;2;201;204;248mK[0m
[0m[38;2;186;188;243m0[38;2;111;111;161mc[38;2;179;182;238mO[38;2;188;194;251m0[38;2;190;198;253m0[38;2;196;202;252mK[38;2;213;216;252mX[38;2;213;215;247mX[38;2;184;185;235mO[38;2;189;195;250m0[38;2;189;198;250m0[38;2;191;199;253m0[38;2;193;199;249mK[38;2;155;157;202mx[38;2;180;185;235mO[38;2;187;196;252m0[38;2;189;196;252m0[38;2;190;199;251m0[38;2;192;201;252mK[38;2;194;202;252mK[38;2;196;202;252mK[38;2;195;203;252mK[38;2;199;203;247mK[38;2;111;108;138mc[38;2;162;164;199mx[38;2;207;206;231mK[38;2;167;157;146mx[38;2;229;213;172mK[38;2;250;240;195mW[38;2;252;247;214mW[38;2;213;208;198mK[38;2;187;186;212mO[38;2;200;201;227mK[38;2;170;160;160mx[38;2;241;226;212mN[38;2;152;141;164md[38;2;190;191;247m0[38;2;185;189;252m0[38;2;185;193;252m0[38;2;186;192;251m0[38;2;191;194;251m0[38;2;118;117;165ml[38;2;180;181;234mO[38;2;190;195;251m0[38;2;193;197;245m0[38;2;109;106;154mc[38;2;178;175;237mO[38;2;184;187;246m0[38;2;193;192;230m0[38;2;142;132;161mo[38;2;163;154;206mx[38;2;174;170;245mk[38;2;176;173;250mO[38;2;181;181;250mO[38;2;182;182;250mO[38;2;178;178;244mO[38;2;180;180;246mO[38;2;185;187;251m0[38;2;183;187;251m0[38;2;180;183;249mO[38;2;183;188;251m0[38;2;187;192;252m0[38;2;189;195;250m0[38;2;189;190;234m0[38;2;111;105;125m:[38;2;182;171;189mk[0m
[0m[38;2;164;165;218mk[38;2;99;100;146m:[38;2;191;193;250m0[38;2;188;196;252m0[38;2;190;198;253m0[38;2;192;198;254mK[38;2;191;196;251m0[38;2;164;167;221mk[38;2;163;163;222mk[38;2;186;190;251m0[38;2;187;194;252m0[38;2;189;194;249m0[38;2;159;160;216mx[38;2;159;161;220mx[38;2;185;190;251m0[38;2;184;193;252m0[38;2;187;194;253m0[38;2;188;195;253m0[38;2;188;195;253m0[38;2;186;193;251m0[38;2;188;194;251m0[38;2;194;197;246m0[38;2;176;170;195mk[38;2;118;105;122mc[38;2;203;194;215m0[38;2;172;160;153mx[38;2;221;208;175mK[38;2;223;210;179mK[38;2;200;193;167m0[38;2;194;189;167mO[38;2;219;211;198mK[38;2;186;177;181mO[38;2;193;188;190mO[38;2;237;230;212mN[38;2;250;239;218mW[38;2;156;146;166md[38;2;188;188;247m0[38;2;185;185;250m0[38;2;187;192;252m0[38;2;188;193;248m0[38;2;174;175;227mO[38;2;127;127;181ml[38;2;185;188;250m0[38;2;191;196;247m0[38;2;162;159;190mx[38;2;91;84;104m;[38;2;161;154;191mx[38;2;165;161;200mx[38;2;124;111;121mc[38;2;179;159;159mx[38;2;114;101;138m:[38;2;156;145;221mx[38;2;165;156;242mk[38;2;177;175;250mO[38;2;182;182;249mO[38;2;150;149;212md[38;2;174;172;236mO[38;2;186;188;251m0[38;2;189;192;247m0[38;2;131;134;179mo[38;2;191;196;248m0[38;2;191;193;251m0[38;2;189;195;251m0[38;2;201;202;240mK[38;2;151;142;154md[38;2;183;176;175mk[0m
[0m[38;2;173;171;228mk[38;2;109;108;159mc[38;2;190;194;252m0[38;2;187;195;252m0[38;2;185;189;253m0[38;2;184;186;253m0[38;2;187;188;247m0[38;2;131;129;185mo[38;2;187;187;247m0[38;2;187;190;253m0[38;2;186;191;251m0[38;2;181;183;239mO[38;2;130;132;187mo[38;2;186;190;249m0[38;2;184;190;252m0[38;2;184;191;252m0[38;2;186;191;252m0[38;2;186;190;250m0[38;2;185;191;252m0[38;2;185;190;250m0[38;2;189;186;234m0[38;2;174;162;182mx[38;2;199;184;176mO[38;2;118;104;102m:[38;2;107;96;100m:[38;2;169;160;159mx[38;2;198;191;187m0[38;2;186;179;176mO[38;2;158;149;153md[38;2;214;204;213mK[38;2;182;170;175mk[38;2;145;135;133mo[38;2;228;223;213mX[38;2;250;249;218mW[38;2;250;241;224mW[38;2;155;142;168md[38;2;186;184;247m0[38;2;183;186;251m0[38;2;188;193;249m0[38;2;184;186;237mO[38;2;110;110;155mc[38;2;180;183;240mO[38;2;186;190;244m0[38;2;173;169;201mk[38;2;186;173;174mk[38;2;149;133;134mo[38;2;187;177;202mO[38;2;171;153;165mx[38;2;207;180;159mO[38;2;228;203;186mK[38;2;132;116;154ml[38;2;150;142;213md[38;2;140;134;202mo[38;2;148;147;205md[38;2;184;184;238mO[38;2;135;134;193mo[38;2;183;185;248m0[38;2;186;192;250m0[38;2;193;197;235m0[38;2;113;113;139mc[38;2;205;209;249mK[38;2;198;202;248mK[38;2;205;206;242mK[38;2;181;177;189mk[38;2;198;194;193m0[38;2;252;252;239mM[0m
[0m[38;2;182;180;241mO[38;2;101;100;152m:[38;2;189;192;248m0[38;2;184;187;251m0[38;2;179;179;248mO[38;2;170;168;233mk[38;2;139;135;192mo[38;2;111;106;161mc[38;2;188;188;247m0[38;2;184;189;251m0[38;2;186;192;244m0[38;2;101;102;150m:[38;2;162;162;218mk[38;2;188;194;252m0[38;2;185;192;252m0[38;2;184;190;251m0[38;2;184;189;251m0[38;2;181;187;252m0[38;2;181;184;247mO[38;2;162;156;201mx[38;2;131;117;131ml[38;2;115;99;96m:[38;2;49;35;35m.[38;2;20;7;6m [38;2;37;26;25m.[38;2;196;191;189m0[38;2;251;250;250mM[38;2;251;252;252mM[38;2;250;250;251mM[38;2;249;246;251mW[38;2;250;246;250mW[38;2;194;186;188mO[38;2;220;214;208mX[38;2;248;244;219mW[38;2;249;242;225mW[38;2;155;145;173md[38;2;187;186;247m0[38;2;187;185;247m0[38;2;183;178;225mO[38;2;125;116;140mc[38;2;115;107;142mc[38;2;189;188;241m0[38;2;171;168;197mk[38;2;195;182;182mO[38;2;248;234;219mN[38;2;136;121;116ml[38;2;138;124;132ml[38;2;160;143;139md[38;2;195;171;155mk[38;2;224;202;202mK[38;2;130;118;164ml[38;2;173;167;243mk[38;2;180;179;249mO[38;2;172;172;229mk[38;2;133;133;182mo[38;2;157;158;214mx[38;2;188;192;250m0[38;2;194;199;243mK[38;2;155;152;172md[38;2;135;130;148mo[38;2;209;210;245mK[38;2;204;203;232mK[38;2;183;181;187mO[38;2;233;232;215mN[38;2;252;252;214mW[38;2;254;254;198mW[0m
[0m[38;2;184;186;245m0[38;2;145;144;202md[38;2;159;156;218mx[38;2;177;174;238mO[38;2;135;132;195mo[38;2;129;127;190mo[38;2;180;177;240mO[38;2;114;108;165mc[38;2;181;181;238mO[38;2;185;189;251m0[38;2;148;149;195md[38;2;89;86;129m;[38;2;191;191;247m0[38;2;186;193;252m0[38;2;184;191;252m0[38;2;182;187;251m0[38;2;184;186;248m0[38;2;175;170;221mk[38;2;127;120;147ml[38;2;71;62;77m'[38;2;101;92;100m;[38;2;27;12;13m [38;2;34;10;9m [38;2;35;8;8m [38;2;27;5;3m [38;2;47;22;22m.[38;2;154;132;133mo[38;2;240;230;229mN[38;2;203;194;191m0[38;2;217;210;208mK[38;2;252;250;252mM[38;2;234;230;232mN[38;2;234;232;230mN[38;2;255;252;235mM[38;2;231;224;211mX[38;2;163;155;187mx[38;2;190;185;225mO[38;2;184;169;188mk[38;2;197;179;167mO[38;2;172;155;148mx[38;2;160;147;159md[38;2;186;176;181mk[38;2;213;200;189mK[38;2;196;185;176mO[38;2;200;192;190m0[38;2;190;185;187mO[38;2;199;197;208m0[38;2;231;228;243mN[38;2;131;122;132ml[38;2;136;124;142ml[38;2;155;152;198mx[38;2;183;187;250m0[38;2;189;191;247m0[38;2;144;143;181md[38;2;124;123;160ml[38;2;201;201;244mK[38;2;188;187;218mO[38;2;169;168;179mk[38;2;224;222;222mX[38;2;195;188;196mO[38;2;198;195;204m0[38;2;210;206;202mK[38;2;249;247;221mW[38;2;253;254;201mW[38;2;253;254;193mW[38;2;254;254;192mW[0m
[0m[38;2;180;180;251mO[38;2;182;180;246mO[38;2;132;128;189mo[38;2;132;127;190mo[38;2;172;168;237mk[38;2;179;179;249mO[38;2;182;184;247mO[38;2;123;117;170ml[38;2;140;138;191mo[38;2;170;170;229mk[38;2;137;131;184mo[38;2;137;132;183mo[38;2;195;196;252m0[38;2;186;191;252m0[38;2;183;186;249m0[38;2;176;173;226mO[38;2;164;151;179mx[38;2;185;167;167mk[38;2;155;141;138mo[38;2;160;149;163md[38;2;135;122;133ml[38;2;27;6;9m [38;2;32;5;4m [38;2;36;8;6m [38;2;48;7;7m [38;2;131;34;20m.[38;2;208;64;28m:[38;2;199;72;35m:[38;2;153;90;72m:[38;2;242;231;227mN[38;2;251;254;250mM[38;2;252;255;252mM[38;2;254;254;249mM[38;2;253;249;233mW[38;2;190;175;168mk[38;2;189;174;177mk[38;2;223;208;193mK[38;2;243;227;199mN[38;2;234;219;187mX[38;2;170;152;134md[38;2;230;212;189mX[38;2;230;212;194mX[38;2;93;78;73m,[38;2;30;21;23m [38;2;175;166;172mk[38;2;243;236;242mW[38;2;224;220;232mX[38;2;235;232;250mN[38;2;171;161;177mx[38;2;127;116;141ml[38;2;184;181;228mO[38;2;164;164;213mk[38;2;120;117;147mc[38;2;129;124;147ml[38;2;174;169;195mk[38;2;186;182;197mO[38;2;204;201;202m0[38;2;250;249;236mW[38;2;248;246;219mW[38;2;228;224;193mX[38;2;252;250;217mW[38;2;253;254;204mW[38;2;253;254;193mW[38;2;254;254;189mW[38;2;254;253;190mW[38;2;254;254;191mW[0m
[0m[38;2;181;181;250mO[38;2;181;182;249mO[38;2;182;183;247mO[38;2;182;183;251mO[38;2;182;185;253m0[38;2;182;187;251m0[38;2;186;193;252m0[38;2;190;190;246m0[38;2;131;129;179mo[38;2;132;128;181mo[38;2;150;146;201md[38;2;131;129;183mo[38;2;188;189;248m0[38;2;172;172;222mk[38;2;147;137;166mo[38;2;189;166;165mk[38;2;244;215;187mX[38;2;251;220;185mX[38;2;246;222;202mN[38;2;241;223;223mN[38;2;197;130;119md[38;2;150;55;33m,[38;2;60;5;5m [38;2;44;7;10m [38;2;96;18;10m.[38;2;221;71;24mc[38;2;240;78;18mc[38;2;217;96;54ml[38;2;207;168;156mk[38;2;253;252;249mM[38;2;253;253;247mM[38;2;254;254;246mM[38;2;254;253;238mM[38;2;252;250;227mW[38;2;230;224;202mX[38;2;249;243;214mW[38;2;253;248;209mW[38;2;253;247;206mW[38;2;253;246;206mW[38;2;254;244;209mW[38;2;253;238;209mW[38;2;172;154;144mx[38;2;26;10;9m [38;2;43;5;8m [38;2;118;40;28m.[38;2;124;75;71m;[38;2;225;216;217mX[38;2;244;242;248mW[38;2;158;150;155md[38;2;157;145;150md[38;2;98;91;104m;[38;2;96;95;113m;[38;2;147;142;155md[38;2;180;173;172mk[38;2;219;216;199mX[38;2;251;251;219mW[38;2;253;254;210mW[38;2;254;253;201mW[38;2;255;255;194mW[38;2;254;255;192mW[38;2;254;254;193mW[38;2;254;254;191mW[38;2;255;254;189mW[38;2;255;254;188mW[38;2;255;254;191mW[38;2;254;253;195mW[0m
[0m[38;2;182;183;251mO[38;2;181;183;250mO[38;2;183;185;251m0[38;2;181;184;251mO[38;2;182;187;253m0[38;2;183;189;252m0[38;2;188;194;253m0[38;2;190;193;252m0[38;2;173;174;234mO[38;2;157;159;218mx[38;2;145;145;196md[38;2;123;122;171ml[38;2;172;173;226mk[38;2;182;186;230mO[38;2;193;194;227m0[38;2;177;169;180mk[38;2;194;177;164mO[38;2;238;217;190mX[38;2;251;231;208mN[38;2;252;233;220mN[38;2;233;156;130mk[38;2;216;74;35mc[38;2;131;27;13m.[38;2;130;24;11m.[38;2;209;58;20m:[38;2;232;102;60mo[38;2;231;163;135mO[38;2;232;202;189mK[38;2;251;248;246mW[38;2;254;253;246mM[38;2;253;254;242mM[38;2;253;254;236mM[38;2;254;254;228mM[38;2;254;254;222mM[38;2;254;254;217mM[38;2;254;253;215mW[38;2;254;251;213mW[38;2;254;251;213mW[38;2;253;248;211mW[38;2;253;241;211mW[38;2;250;232;209mN[38;2;101;72;69m,[38;2;50;6;5m [38;2;142;55;47m,[38;2;215;125;109md[38;2;206;166;161mk[38;2;251;248;246mW[38;2;229;220;218mX[38;2;175;169;168mk[38;2;106;97;103m:[38;2;143;138;143mo[38;2;203;202;193m0[38;2;246;246;215mW[38;2;254;253;204mW[38;2;254;253;194mW[38;2;254;254;189mW[38;2;254;254;186mW[38;2;254;254;189mW[38;2;253;254;188mW[38;2;253;254;188mW[38;2;253;254;188mW[38;2;254;254;189mW[38;2;255;254;189mW[38;2;255;254;192mW[38;2;255;254;197mW[38;2;253;254;200mW[0m
[0m[38;2;181;184;250mO[38;2;182;185;251m0[38;2;182;186;251m0[38;2;181;184;250mO[38;2;183;185;252m0[38;2;180;182;249mO[38;2;186;190;251m0[38;2;185;194;250m0[38;2;186;195;252m0[38;2;185;193;252m0[38;2;177;184;236mO[38;2;169;172;224mk[38;2;191;195;253m0[38;2;191;197;251m0[38;2;191;197;252m0[38;2;192;198;249m0[38;2;195;197;240m0[38;2;176;171;194mk[38;2;194;182;181mO[38;2;236;218;205mX[38;2;223;183;167m0[38;2;180;72;42m:[38;2;218;76;34mc[38;2;226;77;27mc[38;2;226;76;19mc[38;2;209;80;33mc[38;2;175;97;71mc[38;2;222;201;191mK[38;2;252;251;245mM[38;2;255;252;235mM[38;2;254;254;232mM[38;2;254;254;226mM[38;2;254;254;220mM[38;2;254;253;215mW[38;2;254;251;212mW[38;2;254;252;213mW[38;2;254;253;214mW[38;2;254;249;211mW[38;2;252;240;203mW[38;2;251;234;201mN[38;2;250;221;198mN[38;2;163;63;48m;[38;2;211;64;26m:[38;2;224;97;61ml[38;2;201;154;140mx[38;2;249;245;240mW[38;2;248;243;237mW[38;2;175;167;181mk[38;2;156;155;195mx[38;2;189;185;223mO[38;2;175;170;179mk[38;2;254;253;235mM[38;2;254;252;203mW[38;2;255;253;190mW[38;2;255;254;187mW[38;2;255;254;186mW[38;2;255;255;183mW[38;2;255;254;189mW[38;2;254;254;190mW[38;2;254;254;191mW[38;2;254;254;192mW[38;2;254;255;191mW[38;2;255;255;192mW[38;2;255;254;196mW[38;2;255;254;198mW[38;2;254;254;200mW[0m
[0m[38;2;184;187;251m0[38;2;183;185;250m0[38;2;183;186;250m0[38;2;182;184;251m0[38;2;184;185;252m0[38;2;181;183;250mO[38;2;180;182;248mO[38;2;187;189;251m0[38;2;189;193;253m0[38;2;188;195;254m0[38;2;189;195;253m0[38;2;191;197;254m0[38;2;192;198;254m0[38;2;191;199;254m0[38;2;190;198;253m0[38;2;190;199;253m0[38;2;189;197;252m0[38;2;189;197;250m0[38;2;192;195;239m0[38;2;168;160;180mx[38;2;174;158;153mx[38;2;210;187;165mO[38;2;229;200;167mK[38;2;243;215;179mX[38;2;210;182;148mO[38;2;220;200;169m0[38;2;234;229;203mN[38;2;248;249;227mW[38;2;253;253;229mM[38;2;255;254;226mM[38;2;255;253;223mM[38;2;255;253;217mM[38;2;255;253;212mW[38;2;255;253;214mM[38;2;254;254;214mW[38;2;253;254;214mW[38;2;254;254;216mM[38;2;254;253;216mW[38;2;250;244;209mW[38;2;251;241;208mW[38;2;252;237;205mW[38;2;208;161;132mk[38;2;196;120;93mo[38;2;188;130;106mo[38;2;226;205;189mK[38;2;248;242;233mW[38;2;224;215;218mX[38;2;130;127;159ml[38;2;191;194;249m0[38;2;194;197;246m0[38;2;168;164;181mx[38;2;254;252;233mM[38;2;255;252;203mW[38;2;255;253;190mW[38;2;255;254;187mW[38;2;255;254;188mW[38;2;254;253;187mW[38;2;255;254;188mW[38;2;254;254;192mW[38;2;254;254;196mW[38;2;255;254;197mW[38;2;255;254;196mW[38;2;255;254;196mW[38;2;255;254;197mW[38;2;255;254;198mW[38;2;255;255;200mW[0m
[0m[38;2;182;188;250m0[38;2;183;189;250m0[38;2;183;189;249m0[38;2;184;189;252m0[38;2;183;187;251m0[38;2;184;188;252m0[38;2;183;187;251m0[38;2;183;188;251m0[38;2;187;193;252m0[38;2;187;196;252m0[38;2;188;196;253m0[38;2;192;200;254mK[38;2;193;201;252mK[38;2;196;203;251mK[38;2;195;201;252mK[38;2;195;200;250mK[38;2;187;190;239m0[38;2;164;168;212mk[38;2;166;171;218mk[38;2;178;182;232mO[38;2;195;197;241m0[38;2;183;177;199mO[38;2;195;180;173mO[38;2;207;191;170m0[38;2;232;220;190mX[38;2;252;247;215mW[38;2;254;251;223mW[38;2;254;253;225mM[38;2;255;254;225mM[38;2;254;253;220mM[38;2;254;253;216mM[38;2;254;254;216mM[38;2;254;254;217mM[38;2;254;254;218mM[38;2;254;254;219mM[38;2;254;254;218mM[38;2;254;254;219mM[38;2;254;254;221mM[38;2;253;253;222mM[38;2;253;252;222mW[38;2;255;250;220mW[38;2;252;245;214mW[38;2;201;189;166mO[38;2;189;170;145mk[38;2;237;216;185mX[38;2;166;148;131md[38;2;203;190;189m0[38;2;185;181;209mO[38;2;172;175;217mk[38;2;179;182;227mO[38;2;162;157;181mx[38;2;242;240;224mW[38;2;254;253;205mW[38;2;255;253;192mW[38;2;254;254;189mW[38;2;254;254;191mW[38;2;254;253;191mW[38;2;254;254;192mW[38;2;254;254;194mW[38;2;254;254;195mW[38;2;254;254;194mW[38;2;254;254;194mW[38;2;254;254;193mW[38;2;254;254;194mW[38;2;254;254;198mW[38;2;255;254;199mW[0m
[0m[38;2;185;190;251m0[38;2;182;188;245m0[38;2;174;180;235mO[38;2;185;192;251m0[38;2;186;193;252m0[38;2;188;195;254m0[38;2;188;194;253m0[38;2;187;192;252m0[38;2;184;191;250m0[38;2;187;196;253m0[38;2;188;198;252m0[38;2;190;201;252mK[38;2;194;203;250mK[38;2;197;205;251mK[38;2;195;202;252mK[38;2;191;199;252m0[38;2;190;199;251m0[38;2;193;199;249mK[38;2;173;178;220mO[38;2;154;156;193mx[38;2;182;185;223mO[38;2;195;201;244mK[38;2;198;199;234mK[38;2;197;187;202m0[38;2;219;211;198mK[38;2;250;248;219mW[38;2;253;252;221mW[38;2;254;253;222mM[38;2;255;254;222mM[38;2;254;254;222mM[38;2;254;254;223mM[38;2;254;254;221mM[38;2;255;254;220mM[38;2;255;255;220mM[38;2;253;254;220mM[38;2;254;254;224mM[38;2;255;254;226mM[38;2;254;253;226mM[38;2;254;253;224mM[38;2;254;252;221mW[38;2;253;250;216mW[38;2;253;247;214mW[38;2;253;246;216mW[38;2;252;243;212mW[38;2;251;242;211mW[38;2;246;235;216mN[38;2;194;185;186mO[38;2;155;150;177md[38;2;153;152;184md[38;2;186;185;227mO[38;2;168;161;188mx[38;2;225;221;215mX[38;2;253;253;215mW[38;2;254;253;198mW[38;2;254;253;192mW[38;2;254;254;193mW[38;2;254;254;192mW[38;2;254;254;191mW[38;2;254;254;193mW[38;2;254;254;194mW[38;2;254;254;193mW[38;2;255;254;196mW[38;2;255;254;196mW[38;2;255;254;195mW[38;2;255;254;198mW[38;2;255;254;198mW[0m
[0m[38;2;187;196;252m0[38;2;187;197;248m0[38;2;140;140;183md[38;2;173;172;221mk[38;2;189;195;251m0[38;2;188;196;252m0[38;2;190;196;251m0[38;2;189;196;252m0[38;2;183;189;244m0[38;2;187;192;246m0[38;2;192;199;253mK[38;2;192;202;252mK[38;2;195;203;249mK[38;2;173;177;222mO[38;2;168;173;220mk[38;2;191;196;249m0[38;2;189;195;252m0[38;2;187;195;252m0[38;2;190;197;250m0[38;2;177;179;214mO[38;2;166;159;173mx[38;2;201;193;195m0[38;2;188;180;190mO[38;2;177;169;190mk[38;2;188;181;195mO[38;2;199;191;183m0[38;2;228;222;198mX[38;2;253;252;219mW[38;2;254;254;216mM[38;2;255;255;218mM[38;2;254;254;223mM[38;2;255;254;225mM[38;2;255;254;227mM[38;2;255;253;228mM[38;2;251;251;227mW[38;2;231;227;206mX[38;2;215;209;187mK[38;2;222;215;190mK[38;2;224;215;190mX[38;2;214;204;179mK[38;2;216;205;180mK[38;2;204;192;168m0[38;2;247;236;205mN[38;2;249;237;212mN[38;2;210;198;192m0[38;2;172;165;184mk[38;2;175;172;208mk[38;2;166;162;188mx[38;2;216;211;218mK[38;2;185;182;193mO[38;2;153;148;157md[38;2;236;236;228mN[38;2;252;254;223mM[38;2;253;254;200mW[38;2;254;254;194mW[38;2;254;254;194mW[38;2;254;254;191mW[38;2;254;254;189mW[38;2;254;254;191mW[38;2;254;254;197mW[38;2;255;254;194mW[38;2;255;254;194mW[38;2;255;254;197mW[38;2;255;254;197mW[38;2;255;254;197mW[38;2;255;254;195mW[0m
[0m[38;2;203;207;251mK[38;2;193;200;249mK[38;2;158;160;193mx[38;2;144;141;161mo[38;2;173;174;205mk[38;2;192;197;243m0[38;2;193;199;249m0[38;2;193;200;249mK[38;2;198;203;250mK[38;2;189;189;231m0[38;2;154;155;195mx[38;2;188;192;237m0[38;2;195;201;251mK[38;2;195;202;250mK[38;2;177;181;224mO[38;2;161;160;199mx[38;2;159;160;200mx[38;2;188;193;241m0[38;2;189;197;252m0[38;2;191;199;250m0[38;2;189;190;223m0[38;2;167;156;150mx[38;2;242;223;191mX[38;2;243;230;193mN[38;2;210;203;173m0[38;2;203;197;175m0[38;2;171;163;142mx[38;2;215;210;181mK[38;2;252;251;216mW[38;2;254;254;219mM[38;2;253;254;222mM[38;2;254;254;225mM[38;2;255;254;231mM[38;2;255;253;234mM[38;2;250;250;231mW[38;2;214;208;191mK[38;2;180;166;140mx[38;2;208;191;154m0[38;2;212;194;155m0[38;2;181;160;125mx[38;2;194;172;138mk[38;2;219;197;167m0[38;2;192;174;164mk[38;2;181;171;179mk[38;2;125;119;144ml[38;2;196;198;238m0[38;2;197;199;238mK[38;2;200;198;211m0[38;2;226;226;220mX[38;2;246;245;241mW[38;2;224;222;211mX[38;2;238;238;210mN[38;2;252;253;205mW[38;2;254;254;194mW[38;2;254;253;196mW[38;2;253;253;200mW[38;2;254;253;209mW[38;2;253;253;218mW[38;2;245;245;214mW[38;2;250;249;214mW[38;2;253;254;205mW[38;2;254;254;197mW[38;2;254;254;195mW[38;2;255;254;194mW[38;2;255;255;192mW[38;2;254;254;189mW[0m
[0m[38;2;200;199;212m0[38;2;191;192;218m0[38;2;170;168;194mk[38;2;174;172;181mk[38;2;242;240;242mW[38;2;189;187;196mO[38;2;171;171;198mk[38;2;201;206;245mK[38;2;202;208;250mK[38;2;210;212;246mX[38;2;147;141;156mo[38;2;212;207;222mK[38;2;182;181;204mO[38;2;173;174;210mk[38;2;192;196;241m0[38;2;199;202;243mK[38;2;184;176;198mO[38;2;150;141;145mo[38;2;180;176;189mk[38;2;172;172;203mk[38;2;196;199;234m0[38;2;191;187;216m0[38;2;180;169;158mk[38;2;243;232;194mN[38;2;246;238;198mN[38;2;231;226;196mX[38;2;232;229;206mN[38;2;246;244;221mW[38;2;249;245;218mW[38;2;252;248;220mW[38;2;250;247;221mW[38;2;250;248;221mW[38;2;248;247;223mW[38;2;236;234;212mN[38;2;224;221;202mX[38;2;230;226;218mN[38;2;235;226;223mN[38;2;198;179;156mO[38;2;198;175;137mk[38;2;209;185;148mO[38;2;176;153;114md[38;2;212;187;147mO[38;2;190;170;146mk[38;2;156;144;147md[38;2;203;197;197m0[38;2;172;164;168mx[38;2;160;151;154md[38;2;178;170;159mk[38;2;175;167;140mx[38;2;176;169;150mk[38;2;249;248;238mW[38;2;253;253;227mM[38;2;254;254;208mW[38;2;255;253;202mW[38;2;255;252;214mW[38;2;255;252;230mM[38;2;230;225;216mX[38;2;192;183;164mO[38;2;187;175;125mk[38;2;173;161;112mx[38;2;237;232;196mN[38;2;253;253;197mW[38;2;254;254;191mW[38;2;254;255;189mW[38;2;254;254;189mW[38;2;255;254;190mW[0m
[0m[38;2;252;252;225mW[38;2;250;248;233mW[38;2;210;206;205mK[38;2;175;171;175mk[38;2;218;214;215mX[38;2;211;208;208mK[38;2;211;209;211mK[38;2;208;207;217mK[38;2;198;196;216m0[38;2;207;203;226mK[38;2;154;148;157md[38;2;248;246;250mW[38;2;250;249;252mM[38;2;234;231;237mN[38;2;196;196;206m0[38;2;179;179;196mO[38;2;176;173;196mk[38;2;165;161;174mx[38;2;200;196;191m0[38;2;195;186;181mO[38;2;184;173;167mk[38;2;191;180;185mO[38;2;183;173;177mk[38;2;130;119;111mc[38;2;183;175;167mk[38;2;177;170;168mk[38;2;154;145;155md[38;2;153;146;173md[38;2;169;166;199mk[38;2;178;176;210mO[38;2;181;179;211mO[38;2;182;182;215mO[38;2;182;181;214mO[38;2;161;156;183mx[38;2;193;185;194mO[38;2;204;195;198m0[38;2;214;207;224mK[38;2;203;190;189m0[38;2;211;193;167m0[38;2;170;147;119md[38;2;190;168;129mk[38;2;211;188;145mO[38;2;216;196;157m0[38;2;172;159;132mx[38;2;198;190;177mO[38;2;193;186;172mO[38;2;182;174;158mk[38;2;160;151;130md[38;2;178;171;145mk[38;2;195;190;172mO[38;2;224;220;209mX[38;2;220;217;210mX[38;2;251;250;242mM[38;2;247;247;238mW[38;2;212;210;203mK[38;2;218;216;214mX[38;2;231;229;229mN[38;2;223;219;215mX[38;2;199;194;187m0[38;2;240;237;223mN[38;2;252;252;222mW[38;2;254;253;210mW[38;2;254;254;195mW[38;2;254;254;189mW[38;2;254;253;192mW[38;2;255;254;189mW[0m
[0m[38;2;251;252;242mM[38;2;221;220;224mX[38;2;165;162;184mx[38;2;147;146;177md[38;2;174;174;208mk[38;2;175;175;206mk[38;2;179;181;204mO[38;2;187;189;204mO[38;2;200;200;209m0[38;2;209;207;212mK[38;2;214;213;213mK[38;2;250;250;249mM[38;2;254;254;253mM[38;2;255;255;254mM[38;2;255;255;255mM[38;2;253;253;253mM[38;2;245;245;245mW[38;2;198;195;197m0[38;2;214;211;212mK[38;2;236;233;227mN[38;2;163;149;131md[38;2;208;191;161m0[38;2;186;170;138mk[38;2;171;155;132mx[38;2;137;120;113ml[38;2;225;217;214mX[38;2;236;227;229mN[38;2;173;162;177mx[38;2;172;168;203mk[38;2;187;187;217mO[38;2;200;198;217m0[38;2;205;202;210mK[38;2;210;208;211mK[38;2;219;217;214mX[38;2;225;221;211mX[38;2;215;210;186mK[38;2;223;219;192mX[38;2;249;246;231mW[38;2;194;186;170mO[38;2;226;209;183mK[38;2;146;122;90ml[38;2;223;200;155m0[38;2;198;176;127mk[38;2;218;197;144m0[38;2;175;161;137mx[38;2;244;240;230mW[38;2;253;253;223mM[38;2;250;249;206mW[38;2;232;231;195mN[38;2;224;222;198mX[38;2;226;224;211mX[38;2;181;178;172mk[38;2;204;203;198m0[38;2;209;203;206mK[38;2;223;210;221mX[38;2;241;227;240mN[38;2;217;204;215mK[38;2;226;215;223mX[38;2;236;229;234mN[38;2;208;205;202mK[38;2;216;213;207mK[38;2;196;193;184m0[38;2;252;252;218mW[38;2;254;253;193mW[38;2;255;253;188mW[38;2;255;254;189mW[0m
[0m[38;2;164;164;185mx[38;2;147;149;187md[38;2;160;165;211mk[38;2;163;169;216mk[38;2;172;177;225mO[38;2;171;175;221mk[38;2;173;177;220mO[38;2;161;165;206mk[38;2;153;155;193mx[38;2;145;145;180md[38;2;160;160;193mx[38;2;165;166;193mk[38;2;181;181;198mO[38;2;200;199;208m0[38;2;211;210;218mK[38;2;213;212;218mK[38;2;218;218;223mX[38;2;230;230;234mN[38;2;238;239;238mW[38;2;226;223;219mX[38;2;190;179;169mO[38;2;170;153;136md[38;2;181;161;141mx[38;2;203;186;169mO[38;2;194;175;160mk[38;2;180;160;139mx[38;2;170;149;127md[38;2;165;149;134md[38;2;199;193;191m0[38;2;230;230;221mN[38;2;250;250;228mW[38;2;253;253;226mM[38;2;254;252;224mM[38;2;252;244;212mW[38;2;252;238;204mW[38;2;250;233;203mN[38;2;227;212;188mK[38;2;210;200;184m0[38;2;181;168;157mk[38;2;170;147;124md[38;2;195;163;138mk[38;2;187;158;130mx[38;2;218;190;156m0[38;2;186;157;124mx[38;2;200;176;143mk[38;2;173;159;142mx[38;2;227;216;202mX[38;2;225;219;192mX[38;2;231;227;211mN[38;2;252;251;248mM[38;2;252;254;252mM[38;2;229;228;229mN[38;2;192;187;190mO[38;2;242;221;242mN[38;2;242;220;242mN[38;2;243;224;243mN[38;2;239;221;240mN[38;2;240;223;240mN[38;2;243;223;241mN[38;2;239;225;239mN[38;2;219;212;213mK[38;2;190;185;179mO[38;2;247;246;220mW[38;2;253;253;199mW[38;2;254;254;188mW[38;2;254;255;187mW[0m
[0m[38;2;162;164;199mx[38;2;148;149;183md[38;2;150;151;181md[38;2;169;170;193mk[38;2;188;189;207mO[38;2;195;194;207m0[38;2;207;206;214mK[38;2;219;218;222mX[38;2;238;237;239mN[38;2;216;214;220mX[38;2;177;178;196mk[38;2;156;159;189mx[38;2;158;162;202mx[38;2;169;171;214mk[38;2;171;173;215mk[38;2;172;174;218mk[38;2;171;173;217mk[38;2;166;167;210mk[38;2;138;138;168mo[38;2;127;119;129ml[38;2;152;135;126mo[38;2;172;148;130md[38;2;187;160;141mx[38;2;186;163;144mx[38;2;186;166;145mk[38;2;162;143;129md[38;2;164;152;147md[38;2;250;246;235mW[38;2;253;253;231mM[38;2;254;253;223mM[38;2;254;253;220mM[38;2;253;254;215mM[38;2;253;253;213mW[38;2;254;251;213mW[38;2;241;231;194mN[38;2;209;191;157m0[38;2;239;215;186mX[38;2;247;225;201mN[38;2;237;220;202mX[38;2;113;96;84m:[38;2;172;152;124md[38;2;169;151;115md[38;2;190;171;140mk[38;2;166;147;114md[38;2;178;160;132mx[38;2;180;162;150mx[38;2;146;120;92ml[38;2;173;150;119md[38;2;152;139;122mo[38;2;216;213;206mK[38;2;254;254;249mM[38;2;192;186;182mO[38;2;196;188;188mO[38;2;211;188;210m0[38;2;240;218;239mN[38;2;242;219;241mN[38;2;235;211;235mX[38;2;236;212;237mX[38;2;237;211;238mX[38;2;239;224;239mN[38;2;238;235;235mN[38;2;181;174;175mk[38;2;209;206;193mK[38;2;253;253;211mW[38;2;252;254;194mW[38;2;254;254;192mW[0m
[0m[38;2;201;200;204m0[38;2;228;227;228mN[38;2;249;249;247mW[38;2;254;254;253mM[38;2;255;255;255mM[38;2;255;255;255mMMMM[38;2;255;255;255mM[38;2;250;251;250mM[38;2;219;217;222mX[38;2;151;147;165md[38;2;162;162;191mx[38;2;145;147;183md[38;2;165;167;210mk[38;2;168;170;218mk[38;2;168;170;219mk[38;2;177;177;223mO[38;2;155;148;180md[38;2;167;151;162mx[38;2;200;160;158mk[38;2;172;90;69mc[38;2;197;97;70ml[38;2;200;126;99md[38;2;169;142;131md[38;2;245;244;232mW[38;2;254;253;226mM[38;2;255;254;223mM[38;2;255;254;223mM[38;2;254;253;222mM[38;2;254;253;220mM[38;2;254;254;219mM[38;2;254;254;217mM[38;2;251;251;217mW[38;2;226;221;194mX[38;2;160;147;129md[38;2;156;138;118mo[38;2;160;139;120mo[38;2;155;134;110mo[38;2;204;186;147mO[38;2;203;185;140mO[38;2;190;168;136mk[38;2;173;151;118md[38;2;191;173;148mk[38;2;188;177;163mk[38;2;194;189;174mO[38;2;248;246;209mW[38;2;251;249;202mW[38;2;253;252;205mW[38;2;254;253;205mW[38;2;253;252;213mW[38;2;251;251;230mW[38;2;200;196;194m0[38;2;215;206;211mK[38;2;211;197;207m0[38;2;214;193;210m0[38;2;243;222;239mN[38;2;205;188;200m0[38;2;203;195;195m0[38;2;209;207;199mK[38;2;183;179;167mk[38;2;252;250;217mW[38;2;254;254;197mW[38;2;254;254;193mW[38;2;254;254;191mW[0m
[0m[38;2;255;255;255mM[38;2;255;255;255mM[38;2;255;255;255mM[38;2;255;255;255mM[38;2;255;255;255mMMMMMM[38;2;254;255;254mM[38;2;254;252;254mM[38;2;201;198;202m0[38;2;149;147;155md[38;2;138;136;160mo[38;2;152;151;197md[38;2;149;149;203md[38;2;146;144;199md[38;2;162;158;207mx[38;2;136;112;135ml[38;2;177;93;77mc[38;2;221;81;41mc[38;2;212;65;35m:[38;2;209;73;38m:[38;2;181;83;54m:[38;2;206;185;174mO[38;2;252;254;233mM[38;2;254;254;222mM[38;2;254;254;221mM[38;2;255;255;221mM[38;2;255;255;222mM[38;2;254;254;223mM[38;2;255;254;219mM[38;2;254;252;213mW[38;2;252;252;209mW[38;2;253;251;219mW[38;2;197;192;171mO[38;2;179;174;158mk[38;2;238;231;218mN[38;2;167;153;131md[38;2;183;162;136mx[38;2;231;211;163mK[38;2;176;153;118md[38;2;178;153;122mx[38;2;190;167;139mk[38;2;173;161;132mx[38;2;214;210;175mK[38;2;253;252;193mW[38;2;254;254;189mW[38;2;254;254;191mW[38;2;254;254;194mW[38;2;254;253;199mW[38;2;253;252;206mW[38;2;248;246;210mW[38;2;225;223;187mX[38;2;250;248;214mW[38;2;238;234;208mN[38;2;208;206;178mK[38;2;224;222;186mX[38;2;252;251;208mW[38;2;253;252;203mW[38;2;253;252;199mW[38;2;253;253;194mW[38;2;254;254;192mW[38;2;254;254;196mW[38;2;255;254;195mW[0m
[0m[38;2;254;254;254mM[38;2;255;255;255mMMMMMMMM[38;2;255;255;255mM[38;2;254;255;255mM[38;2;254;255;254mM[38;2;253;253;253mM[38;2;223;223;224mX[38;2;132;130;145ml[38;2;134;132;168mo[38;2;156;157;205mx[38;2;159;158;206mx[38;2;163;159;203mx[38;2;171;161;194mx[38;2;166;117;121ml[38;2;190;89;60mc[38;2;206;84;54mc[38;2;202;88;58mc[38;2;171;117;98ml[38;2;249;246;237mW[38;2;253;254;227mM[38;2;252;254;222mM[38;2;255;255;220mM[38;2;255;255;221mM[38;2;255;254;223mM[38;2;253;253;220mM[38;2;254;253;217mW[38;2;253;251;205mW[38;2;252;248;199mW[38;2;229;219;189mX[38;2;149;137;126mo[38;2;203;194;189m0[38;2;206;201;197m0[38;2;167;159;143mx[38;2;184;165;139mx[38;2;248;229;177mN[38;2;164;141;108mo[38;2;185;161;135mx[38;2;184;157;126mx[38;2;165;147;127md[38;2;191;183;177mO[38;2;221;216;202mX[38;2;221;216;196mX[38;2;221;216;195mX[38;2;222;217;194mX[38;2;223;216;192mX[38;2;221;217;189mX[38;2;223;220;186mX[38;2;225;223;186mX[38;2;231;229;198mN[38;2;233;230;206mN[38;2;233;231;210mN[38;2;237;236;210mN[38;2;246;244;216mW[38;2;232;227;199mX[38;2;216;211;185mK[38;2;218;216;191mK[38;2;222;221;199mX[38;2;242;241;214mW[38;2;254;254;205mW[0m
[0m[38;2;254;254;254mM[38;2;255;255;255mMMMMMMMMMMMM[38;2;254;254;254mM[38;2;249;248;247mW[38;2;156;153;162md[38;2;122;121;150ml[38;2;165;168;212mk[38;2;168;172;213mk[38;2;177;179;215mO[38;2;172;165;190mk[38;2;142;120;123ml[38;2;190;161;154mk[38;2;219;202;189mK[38;2;243;240;222mW[38;2;253;253;233mM[38;2;253;253;231mM[38;2;253;254;224mM[38;2;255;254;224mM[38;2;254;254;220mM[38;2;252;250;212mW[38;2;252;245;201mW[38;2;217;207;170mK[38;2;211;201;165m0[38;2;219;210;175mK[38;2;199;190;173mO[38;2;179;168;165mk[38;2;182;168;170mk[38;2;169;156;156mx[38;2;140;129;126ml[38;2;149;139;125mo[38;2;209;196;164m0[38;2;156;142;119mo[38;2;170;155;137mx[38;2;173;161;139mx[38;2;166;155;141mx[38;2;184;173;170mk[38;2;200;190;188m0[38;2;196;184;173mO[38;2;194;179;163mO[38;2;198;178;164mO[38;2;200;178;166mO[38;2;194;173;163mk[38;2;192;169;159mk[38;2;190;164;149mk[38;2;196;172;156mk[38;2;195;174;160mk[38;2;190;174;163mk[38;2;192;183;176mO[38;2;188;183;180mO[38;2;194;188;185mO[38;2;239;234;225mN[38;2;217;211;198mK[38;2;180;174;160mk[38;2;195;192;174mO[38;2;253;254;214mW[0m
[0m[38;2;255;255;255mMMMMMMMMMMMMM[38;2;255;255;255mM[38;2;254;254;254mM[38;2;251;251;252mM[38;2;149;149;156md[38;2;130;131;160mo[38;2;154;153;188mx[38;2;147;147;163md[38;2;203;202;199m0[38;2;252;250;239mM[38;2;254;254;236mM[38;2;255;254;232mM[38;2;254;254;234mM[38;2;254;254;232mM[38;2;254;254;229mM[38;2;254;254;225mM[38;2;253;253;221mM[38;2;251;246;209mW[38;2;248;237;198mN[38;2;207;188;157mO[38;2;212;192;177m0[38;2;192;168;163mk[38;2;182;162;157mx[38;2;220;197;195mK[38;2;248;237;238mW[38;2;249;244;245mW[38;2;246;234;239mW[38;2;251;240;246mW[38;2;252;246;248mW[38;2;250;246;247mW[38;2;252;244;246mW[38;2;252;245;245mW[38;2;251;245;245mW[38;2;252;249;249mM[38;2;251;245;247mW[38;2;249;248;250mW[38;2;253;251;253mM[38;2;253;253;252mM[38;2;253;248;248mM[38;2;252;246;246mW[38;2;250;241;243mW[38;2;251;244;244mW[38;2;251;249;248mW[38;2;251;246;247mW[38;2;250;249;249mM[38;2;237;225;230mN[38;2;222;207;216mK[38;2;239;226;230mN[38;2;229;208;209mK[38;2;227;197;195mK[38;2;176;143;140md[38;2;128;112;105mc[38;2;223;222;206mX[38;2;250;250;216mW[0m
